# Created by Octave 6.1.0, Wed Feb 10 00:25:16 2021 -03 <tomii@tomii-manjaro-desktop>
# name: data
# type: scalar struct
# ndims: 2
 1 1
# length: 6
# name: L_vals
# type: matrix
# rows: 49
# columns: 1
 0.095237315010570867
 0.09600600961538458
 0.094159446764091825
 0.090959893724696358
 0.095021226415094334
 0.090257014028056137
 0.098548763736263659
 0.091879601226993873
 0.097561956521739115
 0.092710015527950287
 0.092909362033194998
 0.093914256198347187
 0.092730324074074111
 0.090878269617706328
 0.090709387651821849
 0.094064326722338193
 0.092721625766871194
 0.095031449044586019
 0.099428983516483577
 0.088993303571428595
 0.093343226987447736
 0.092913819875776363
 0.095563701923076935
 0.094345727848101288
 0.097278409090909082
 0.089544642857142809
 0.094837972689075623
 0.096664845415778217
 0.0933294865145229
 0.088766525844930472
 0.089594002016129048
 0.093013643451143449
 0.095455300632911369
 0.092811342592592577
 0.095212977707006416
 0.09200166837782342
 0.092336273006134964
 0.092072916666666713
 0.094018191268191276
 0.089700298210735593
 0.092505681818181792
 0.094477547268907572
 0.093032098121085635
 0.09276388888888891
 0.096433519108280283
 0.093581250000000019
 0.092451475155279489
 0.094905795218295216
 0.096351812366737774


# name: C_vals
# type: matrix
# rows: 49
# columns: 1
 0.0002387293743768694
 0.00023563057969215473
 0.00023589646847070508
 0.00023517154017857144
 0.0002359136160714286
 0.00023794417372881372
 0.00023440852329038655
 0.00023755935014910533
 0.00023389611083499015
 0.00023488292410714281
 0.00023514068080357151
 0.00023455774726640155
 0.0002369470084409136
 0.00023268974184782602
 0.00023440407823297138
 0.00023615891272189357
 0.00023676178003972193
 0.00023540374132804766
 0.0002340265919226957
 0.00023754010831673314
 0.00023629035447761193
 0.00023345333250743316
 0.00023578989387956583
 0.00023458572400990104
 0.00023687299528301901
 0.00023579793935643562
 0.00023297589285714281
 0.00023631238839285715
 0.00023320716403162059
 0.00023581787226095626
 0.0002346591044776118
 0.00023336926412289403
 0.00023669453124999999
 0.00023611449626865662
 0.0002349936755213506
 0.00023647561383928568
 0.00023689603960396055
 0.00023574442030784519
 0.00023484782366071417
 0.00023745985169491528
 0.00023660200892857146
 0.00023423441235059764
 0.00023755497754491007
 0.00023701574027916255
 0.00023544951065411298
 0.00023431850866336641
 0.00023441214587475152
 0.0002364541150990099
 0.00023745031779661015


# name: medium_value_L
# type: scalar
0.093531236156927489


# name: medium_value_C
# type: scalar
0.00023562271769011871


# name: error_L
# type: scalar
6.4687638430725167


# name: error_C
# type: scalar
5.7509129239525194




