# Created by Octave 6.1.0, Tue Feb 09 23:01:41 2021 -03 <tomii@tomii-manjaro-desktop>
# name: data
# type: scalar struct
# ndims: 2
 1 1
# length: 2
# name: resistor_vals
# type: matrix
# rows: 49
# columns: 1
 1.8893689700835241
 1.9458937425267899
 1.929197846439076
 1.8054188637685247
 2.0941426320507293
 1.8944301732040574
 1.6299735149879944
 1.9855612018690658
 1.9311339231851357
 1.8865512896615355
 2.0221752893499154
 2.0997053092630518
 1.9752739023082047
 1.9542526656975305
 1.9077603161882157
 2.0389763178516458
 1.9181106806170789
 1.6265454560832691
 1.6863078093051991
 1.9341298968540945
 1.7907079250645799
 1.8806662451577085
 2.0507945924604609
 2.1220706945208856
 1.6505533586754328
 1.9944920949039244
 1.6684656525328119
 2.0307594283709709
 1.8789346842450185
 2.0574174639379068
 2.0308717348371781
 1.6518236094842056
 1.8630955216149072
 1.8648972476707086
 1.7292988954848139
 1.7839088150107683
 2.0954620634854244
 1.925957807538754
 1.7691351504452606
 1.9124925498199041
 1.9855878688019286
 1.7532984919537411
 1.9296383303314906
 1.9077885137509893
 1.6786193785590096
 1.6373835079945962
 1.8464204928394661
 1.8572656536333287
 2.1014030440388596


# name: medium_value
# type: scalar
1.889880012621626




