# Created by Octave 6.1.0, Tue Feb 09 23:07:14 2021 -03 <tomii@tomii-manjaro-desktop>
# name: data
# type: scalar struct
# ndims: 2
 1 1
# length: 2
# name: resistor_vals
# type: matrix
# rows: 49
# columns: 1
 2.0952410991209485
 1.9214401992635126
 2.0416110954121893
 1.9806544523960616
 2.0325794246043882
 1.859224347088434
 1.9710097461018796
 2.0178197771094837
 2.059997858548213
 1.9557186604149361
 2.1122540104577521
 1.9794872186094246
 2.0219667483303243
 2.1550868961618308
 1.9840647674437182
 1.9839342644821907
 1.8792521885107154
 2.0020003879871582
 2.0077431124821166
 2.0931867849679149
 2.0497418604390614
 1.9463238831280807
 1.9818988321554616
 1.9551826687299367
 1.9738227630420255
 1.9542911652658848
 1.951008901056597
 2.0141828926501177
 1.9234777073928886
 2.0032328667494008
 1.9053934524398695
 2.0052551332268833
 1.9767009475189563
 2.0112148810709209
 1.9651528840384607
 1.9896819582459022
 1.9451017596678446
 2.0257841501096432
 2.0299821397163069
 2.0472439223223615
 2.060480494199358
 1.9380633903473299
 1.9442757999256646
 2.2150454628231264
 1.9755999414933281
 1.9895917141834383
 2.019522224688294
 2.0556109084838554
 2.0487502439741547


# name: medium_value
# type: scalar
2.0011405711954762




